146.92233146235228
(3.0096e-11, 7.5)
[146.92233146235228, 146.9211616753888, 146.9221281643701, 146.92207518688502, 146.9223853951547, 146.92138645771544, 146.92182088947712, 66.67281333725286]
[-8.291066666666667e-05, -0.00016582666666666666, -0.0002487333333333333, -0.00024201333333333336, -0.00018150666666666665, -0.00012100533333333333, -6.0502666666666666e-05, -4.0128e-12]
(6400, 6400)
**
146.9211616753888
(6.0191e-11, 7.5)
[146.9211616753888, 146.92262140944788, 146.9221281643701, 146.92253550160683, 146.9223853951547, 146.92207518688502, 146.92138645771544, 66.67293069317132]
[-0.00016582666666666666, -0.00033164, -0.0004974666666666667, -0.0004840133333333333, -0.0003630133333333333, -0.00024201333333333336, -0.00012100533333333333, -8.025466666666666e-12]
(6400, 6400)
**
146.9221281643701
(9.0287e-11, 7.5)
[146.9221281643701, 146.9221281643701, 146.920366921945, 146.9223853951547, 146.9223853951547, 146.9223853951547, 146.9223853951547, 66.672767920347]
[-0.0002487333333333333, -0.0004974666666666667, -0.0007461999999999999, -0.0007260266666666666, -0.0005445199999999999, -0.0003630133333333333, -0.00018150666666666665, -1.2038266666666667e-11]
(6400, 6400)
**
146.92207518688502
(1.2038e-10, 7.5)
[146.92262140944788, 146.92262140944788, 146.9221281643701, 146.92202883009426, 146.9223853951547, 146.92253550160683, 146.92207518688502, 66.67323353907298]
[-0.00033164, -0.00066328, -0.0009949333333333333, -0.00096804, -0.0007260266666666666, -0.0004840133333333333, -0.00024201333333333336, -1.605066666666667e-11]
(6400, 6400)
**
146.9223853951547
(1.5048e-10, 7.5)
[146.92174156857033, 146.92233146235228, 146.92107143887233, 146.92138645771544, 146.9223853951547, 146.92182088947712, 146.92262556622126, 66.67281333725286]
[-0.00041456, -0.0008291066666666667, -0.0012436666666666666, -0.0012100533333333334, -0.0009075333333333333, -0.0006050266666666667, -0.00030250666666666666, -2.0064000000000002e-11]
(6400, 6400)
**
146.92138645771544
(3.5305e-10, 7.5)
[146.9210444964575, 146.9216946969448, 146.9228894839473, 146.92146621291846, 146.9215436937194, 146.92218430600832, 146.92249807299726, 66.49440277026261]
[-0.00073948, -0.0014789333333333334, -0.0022184, -0.0028085333333333334, -0.0020840000000000003, -0.0013893333333333333, -0.0006946533333333333, -4.707333333333333e-11]
(6400, 6400)
**
146.92182088947712
(8.8261e-10, 7.5)
[146.9224155782031, 146.9224155782031, 146.9224155782031, 146.92165338777994, 146.92179594119386, 146.92179594119386, 146.92179594119386, 66.49436177906568]
[-0.0018486666666666666, -0.0036973333333333333, -0.005546, -0.0070213333333333326, -0.005209999999999999, -0.0034733333333333335, -0.0017366666666666667, -1.1768133333333333e-10]
(6400, 6400)
**
66.67281333725286
(1.7652e-09, 7.5)
[146.9224155782031, 146.9210444964575, 146.92245603022033, 146.92241206841172, 146.92327630591444, 146.92249807299726, 146.92179594119386, 66.49443957256652]
[-0.0036973333333333333, -0.0073948, -0.011092133333333334, -0.014042666666666665, -0.010419866666666666, -0.0069465333333333336, -0.0034733333333333335, -2.3536e-10]
(6400, 6400)
**
146.9211616753888
(3.5305e-09, 7.5)
[146.9210444964575, 146.9216946969448, 146.9228894839473, 146.92146621291846, 146.92154369371943, 146.92218430600832, 146.92249807299726, 66.49440277026261]
[-0.0073948, -0.014789333333333333, -0.022184, -0.02808533333333333, -0.020839999999999997, -0.013893333333333334, -0.0069465333333333336, -4.707333333333334e-10]





with displacements