*
[146.92174156857033, 146.92233146235228, 146.92107143887233, 146.92138645771544, 146.9223853951547, 146.92182088947712, 146.92262556622126, 66.67281333725286]
[-0.007595678329377942, -0.015191112361884362, -0.022786790691262306, -0.022170918278154053, -0.016628066560179778, -0.011085459139077027, -0.005542607421102751, -3.67617932267076e-10]
(6400, 6400)
**
[182.5678045647166, 182.56774783257384, 182.5678670879169, 182.56777175799348, 182.5677982151965, 182.56774480748996, 182.5677768518464, 99.13953829551686]
[0.000536337829397608, 0.0010726512287219082, 0.0016089890581195163, 0.002036955082324094, 0.0015114642054751119, 0.0010076428036500747, 0.0005038214018250373, -9.154681370600603e-10]
(6400, 6400)
**
[221.93415404766782, 221.93415404766782, 221.93388707492315, 221.93433984028073, 221.93415204455104, 221.9340809962251, 221.93429413958546, 296.6503464933151]
[0.00836555185319374, 0.01673110370638748, 0.0250961669746114, 0.03177268058715039, 0.023575690548543256, 0.015717045601533863, 0.007858644947009386, 2.120800778481373e-10]
(6400, 6400)
**
[258.2764669235153, 258.27750848815305, 258.2772968578888, 258.27715042200424, 258.2770291328573, 258.2770467732315, 258.2770467732315, 173.0451277283852]
[0.0122149716431476, 0.02442945469720125, 0.036644182045801874, 0.04639153446998518, 0.03442354461382628, 0.0229495183316448, 0.0114747591658224, -8.359270808288324e-11]
(6400, 6400)
**
[297.55339299224937, 297.5528626220114, 297.55298563871213, 297.5524561619626, 297.55313438993295, 297.55277707901143, 297.55277707901143, 211.42615560631174]
[0.01140983792702304, 0.02281992015513222, 0.03422902517889685, 0.04333412665928715, 0.03215490895757907, 0.021436931706500895, 0.010718465853250448, 2.836579911156743e-10]
(6400, 6400)
**
[331.71782284618445, 331.7160245138056, 331.71819389475263, 331.71784913674514, 331.717534178576, 331.717429728743, 331.7171163749954, 247.23054617447718]
[0.00616460035852218, 0.012329445014435123, 0.018494045372957305, 0.023413461930758727, 0.017373208944135087, 0.01158213929609006, 0.00579106964804503, 6.53886396117162e-10]
(6400, 6400)
**
[5.972215579772353, 5.972179972537447, 5.9724524614610175, 5.972489992772864, 5.972064308130882, 5.972245815524758, 5.972245815524758, 33.61316451930426]
[-0.0013648212313682317, -0.002729593602204786, -0.004094512554636373, -0.0051836138057443065, -0.0038463010537109236, -0.002564200702473948, -0.001282100351236974, -4.044186207007788e-11]
(6400, 6400)
**
[41.374290494522, 41.37447798767812, 41.37491545760969, 41.374800175121464, 41.37386710954206, 41.37467474900137, 41.37467474900137, 321.7546078374319]
[-0.0054080626508110725, -0.010816270504002353, -0.016224913964334252, -0.020540328704087382, -0.015240441826530548, -0.010160681757367583, -0.0050803408786837916, 2.074651608398137e-10]
(6400, 6400)
**
[73.17759252906691, 73.17704735266821, 73.17750166322125, 73.17793327854835, 73.17783170728875, 73.17768661078208, 73.17783170728875, 353.53575382657135]
[0.1577412384349267, 0.31549438119515083, 0.47322669138610446, 0.5990851705931881, 0.4445372674192971, 0.29636115436085575, 0.14817908913976569, -1.287571824170079e-09]
(6400, 6400)
**
[108.2084552251023, 108.20892704284421, 108.20782614564996, 108.20930333014505, 108.20980143049074, 108.20928299008963, 108.20928299008963, 39.0754105490054]
[0.147932364484104, 0.2958617528211737, 0.4438030457463804, 0.5618370371244749, 0.4168986765568198, 0.277930466939857, 0.1389652334699285, 1.8859248526593773e-09]
