results from wavelength shift, bend test
[a,b,c,gammaA, shiftA,gammaB, shiftB,gammaC, shiftC]
trial-0
[-0.0018655, -0.0034125, -0.0019257, 119.75184078051, -0.24815921949000003, 119.54605020825, -0.4539497917500001, 119.743832640594, -0.25616735940600005]
trial-1
[-0.003731, -0.006825, -0.0038515, 119.50368156102, -0.49631843898000005, 119.0921004165, -0.9078995835000002, 119.48765197863, -0.51234802137]
trial-2
[-0.0055965, -0.010237, -0.0057772, 119.25552234153, -0.7444776584700001, 118.63821713754, -1.3617828624600001, 119.231484619224, -0.7685153807760001]
trial-3
[-0.007462, -0.01365, -0.0077029, 119.00736312204, -0.9926368779600001, 118.184200833, -1.8157991670000004, 118.975317259818, -1.0246827401820002]
trial-4
[-0.0093275, -0.017062, -0.0096287, 118.75920390255, -1.2407960974500003, 117.73031755404, -2.2696824459600005, 118.719136597854, -1.2808634021460001]
trial-5
[-0.021064, -0.038531, -0.021744, 117.19794918288, -2.8020508171200005, 114.87439137702, -5.1256086229800015, 117.10749178848, -2.8925082115200005]
trial-6
[-0.05266, -0.096328, -0.05436, 112.9948729572, -7.005127042800001, 107.18591192976, -12.814088070240002, 112.7687294712, -7.2312705288000005]
trial-7
[-0.10532, -0.19266, -0.10872, 105.9897459144, -14.010254085600002, 94.3712917572, -25.628708242800002, 105.5374589424, -14.462541057600001]
trial-8
[-0.21064, -0.38531, -0.21744, 91.9794918288, -28.020508171200003, 68.7439137702, -51.256086229800005, 91.0749178848, -28.925082115200002]


results from wavelength shift, rotation test
[a,b,c,gammaA, shiftA,gammaB, shiftB,gammaC, shiftC]
trial-0
[-0.0093275, -0.017062, -0.0096287, -1.2407960974500003, 118.75920390255, -2.2696824459600005, 117.73031755404, -1.2808634021460001, 118.719136597854]
trial-1
[-0.00083379, -0.015714, -0.017635, -0.11091539834820002, 119.8890846016518, -2.0903639641200003, 117.90963603588, -2.3459061033000004, 117.6540938967]
trial-2
[-0.013006, -0.006035, -0.01979, -1.7301306934800003, 118.26986930652, -0.8028093753000002, 119.1971906247, -2.6325762282, 117.3674237718]
trial-3
[-0.01899, -0.0060822, -0.014146, -2.5261557642000003, 117.4738442358, -0.8090881826760001, 119.190911817324, -1.8817798546800004, 118.11822014532]
trial-4
[-0.017738, -0.016882, -0.0019737, -2.3596077380400002, 117.64039226196, -2.2457378415600004, 117.75426215844, -0.26255258724600006, 119.737447412754]
trial-5
[-0.009584, -0.020214, -0.0097321, -1.2749171587200003, 118.72508284128, -2.68897907412, 117.31102092588, -1.2946182471180003, 118.705381752882]
trial-6
[-0.0021218, -0.016516, -0.016495, -0.28225367564400006, 119.717746324356, -2.19705047928, 117.80294952072, -2.1942569421, 117.8057430579]
trial-7
[-0.014146, -0.0068348, -0.01899, -1.8817798546800004, 118.11822014532, -0.9092032341840002, 119.090796765816, -2.5261557642000003, 117.4738442358]
trial-8
[-0.02013, -0.0047942, -0.013006, -2.6778049254000003, 117.3221950746, -0.6377512356360001, 119.362248764364, -1.7301306934800003, 118.26986930652]
trial-9
[-0.018878, -0.014816, -0.0019265, -2.51125689924, 117.48874310076, -1.9709069932800003, 118.02909300672, -0.25627377987000005, 119.74372622013]
